45217
604970
689399
284025
669794
642264
761609
624732
687612
235349
874292
224531
506702
654639
849863
608267
49646
962472
781714
615350
263425
873277
650715
217652
219768
78562
336051
657532
770429
582049
525179
486914
696315
935321
764242
230784
148259
677797
216669
971505
988822
189770
155431
540006
927442
245679
298872
48875
111242
564369
63448
469117
486573
894860
642799
358947
900719
302620
710055
154567
739117
827293
465575
992284
485229
113586
291325
329379
976028
529735
259954
55171
840740
218023
869391
130006
514630
44179
724312
590089
690112
847682
409341
29891
947955
472449
994994
17401
739410
951840
433126
8995
249351
716031
210947
847902
948063
162722
488920
456560
778848
425133
824961
929819
658331
938155
92646
344675
134267
758822
867579
472973
842428
824784
739915
879859
767516
428073
65145
463763
600976
98382
304214
416114
965397
656200
268395
231397
11714
151302
115925
670569
770580
972728
568996
474540
425128
651281
702682
225755
975630
171036
983885
259972
13773
316249
850575
279086
918841
979908
869260
600141
799427
787376
202734
4629
182104
521183
675195
643716
649486
321252
204961
290267
572318
468332
771899
990312
922138
421734
441887
238143
694789
162962
464267
339060
760885
251507
698061
12895
520527
752406
585624
598985
731977
965784
869722
728880
301924
455220
134578
442974
792241
484969
572837
408816
518301
349324
934831
883120
721218
673390
144050
20845
756402
176644
712947
1082
223046
636223
926957
963521
119181
579662
537891
807660
888095
386285
933854
538747
674214
701714
175067
424992
760346
695423
617634
472090
566642
584056
827513
549332
140060
848956
15679
293563
591768
878414
229853
941485
456081
80759
289144
709651
643249
413996
818652
92588
239051
299887
844407
346908
565439
654397
776305
572672
497836
492998
251766
196313
809941
132912
9900
573504
57174
517844
677507
722976
323527
977661
72174
692184
494927
966796
215133
955933
770628
929179
522410
731565
671942
607533
614409
338697
942826
33236
549068
244225
307378
785927
497955
32725
364946
424244
128234
324120
29015
925435
197087
696359
677657
756988
638162
654259
750842
722947
461052
577099
880467
867105
735286
987803
791561
393489
714001
402010
546125
231238
631614
67096
552823
480119
609414
786820
533819
140491
26343
989017
475788
37038
507614
904012
647082
107064
861386
524634
310506
950193
580184
308804
303840
990194
431998
950587
459516
191092
930125
739687
649662
795619
409946
326269
939162
494951
409977
502533
141142
445883
43454
868026
946150
726640
586039
956055
936010
10068
142324
655991
841922
800662
900510
322015
374173
271688
345748
6094
194645
465149
904345
604244
633384
623792
833999
215274
459858
114685
166088
736580
939168
799267
244353
735320
694280
734260
145827
253827
737489
79453
906758
341851
3137
781522
584925
766593
47546
428406
787812
727297
194351
833875
965251
648726
603294
158714
162846
131677
923698
535570
805956
857258
72550
316883
947606
478469
487081
63467
879128
521970
493297
311106
373757
619434
893933
48773
764157
77709
337599
381437
684461
641953
134735
69563
316563
6905
357657
352766
765079
885375
95885
764539
62729
551190
904730
459527
610335
800698
265905
569233
773018
218081
705206
997082
785986
602571
865839
994961
500684
278945
925767
479179
278609
355881
41045
476672
535254
346261
944639
535194
637408
986642
35181
225937
235568
605543
576524
31371
360210
788020
363842
824608
287880
987925
480749
360321
495381
504224
340176
153234
740664
391342
881457
49501
394998
96283
887960
847042
97410
332868
842362
220827
906564
192262
517982
371240
735886
703165
799992
704888
759989
885536
735296
577806
885515
232127
285517
417933
396247
227417
976842
952693
717003
15512
811441
228500
98525
528680
777125
608421
72161
62949
950376
773254
116812
918876
31449
95667
247099
945169
764604
714079
794388
12602
960268
482233
433301
633266
442930
885082
434472
8330
622285
690647
147367
715261
16308
404964
750817
217205
450225
841632
583335
877072
963004
206555
603356
962362
427927
255646
210950
208455
202777
545625
774123
935359
820557
71086
72756
415713
694923
926542
22092
223429
53088
664225
40793
101401
135470
775936
502385
499464
932494
60754
373776
529621
242415
221228
292711
839192
519220
406314
849445
394462
774441
203399
699509
341231
421989
216636
459017
255041
676743
666274
335996
316627
78118
215083
12745
180260
911453
151719
910087
986070
56120
725426
945214
552642
696647
610369
433988
529144
491065
688329
820320
976777
128342
894849
453847
730642
166911
171234
565636
268002
518845
220887
54654
381483
444354
513873
990112
213541
898801
450722
936700
688797
994115
972129
697564
865093
395965
297985
301034
212395
796806
42612
688213
259410
342602
611408
272660
427533
340895
739725
678057
207410
987858
672417
374542
575864
745792
255923
89656
901137
711695
880320
84716
589312
685770
508325
30475
430363
546521
253660
811306
860372
753050
200678
26407
55784
962720
156905
22924
944905
231467
29942
758987
284233
305735
709853
664513
397160
312081
706557
269938
509060
27227
634761
697552
131932
32485
541271
276139
982787
617551
911538
912796
684192
33301
139395
556068
548431
848218
388659
41036
502486
916255
565059
555863
557311
169976
155220
528775
251209
503224
847355
383848
941501
849917
531346
209127
151074
343759
954140
637106
610468
272511
346923
972628
138533
800560
192606
33512
586028
382
393606
758195
308550
335508
829839
649112
636558
971313
29381
597556
964151
369327
484259
271772
494503
747793
879370
14184
792528
368434
617622
604718
411630
852871
581711
504962
411041
848948
200519
908681
395708
187987
256578
242114
936596
9286
726429
492303
902854
268248
278078
274294
507167
261785
577475
435998
228877
346365
411778
351308
647466
562775
506894
935747
220696
930555
564387
962969
940736
157262
793888
977444
630911
408102
409347
610629
158860
466324
225759
285541
189660
47923
225849
620291
734007
665984
210985
355937
849209
760553
806740
903577
596786
734599
211085
632542
696140
788612
868470
617054
435416
102746
923203
245635
829839
795567
750354
392883
208235
852534
641394
400234
574565
227199
364551
649838
39242
602859
376969
526543
993218
507048
696917
440174
597140
383673
342973
103630
697004
467949
462825
969511
43864
117826
872176
846976
763165
199975
952562
737308
151650
387456
561377
587425
636462
733255
640627
979616
362265
579865
577911
303224
177160
864572
92517
116915
826286
284840
343861
415413
101255
280224
988907
263098
277023
205980
93365
708776
597418
465820
534213
599861
360074
83470
732286
63557
766954
837961
5275
288499
540686
757942
382497
383279
64694
120090
933441
614649
295652
616459
970097
133099
186402
855772
38240
243528
107741
229270
997908
629736
410145
61184
735242
404225
535440
209041
354548
527414
976995
891645
163251
79584
239403
976099
646604
478473
501163
637724
82848
889887
847088
679599
464628
201842
143060
141162
543526
442826
156111
787469
415618
237387
855783
431185
429301
585070
581348
